layer 0

Line
255,255,255
6
563,418
551,416
547,416
540,420
535,423
531,427
527,435
527,436
522,447
517,458
514,467
514,475
514,483
515,491
518,499
520,506
523,512
529,517
533,520
540,523
544,524
551,524
557,524
558,524
563,523
568,520
575,516
583,510
595,500
603,493
615,486
615,485
623,481
632,478
642,476
652,476
661,478
671,482
680,491
689,503
692,515
695,530
691,548
687,560
679,571
673,582
663,592
648,598
626,594
617,588

layer 1

Circle
255,0,0
0,0,0
0
600,506
157

Circle
255,0,0
0,0,0
0
596,485
58

layer 2

Equilateral Triangle
190,190,190
0,0,0
0
600,506
319
-30

layer 3

Circle
255,255,255
0,0,0
0
600,506
319

Circle
255,255,255
0,0,0
1
600,474
10

layer 4

Line
0,0,0
1
35,192
33,195
31,201
27,210
23,220
16,233
9,252
0,270
0,292
0,310
0,332
0,352
0,370
0,384
0,394
0,401
0,406
0,409
0,410
3,404
26,372
45,344
67,312
96,272
126,236
183,159
233,93
251,67
267,47
280,31
287,21
291,16
295,12
295,11
296,11
294,16
287,26
275,45
258,69
236,100
212,136
184,176
158,219
128,264
71,359
19,451
0,533
0,565
0,590
0,614
0,620
0,621
1,621
7,615
19,601
39,572
91,491
160,389
231,284
303,184
334,140
360,105
381,80
393,64
399,56
403,52
404,51
404,50
404,51
403,55
398,64
387,84
370,112
321,194
261,295
231,352
200,412
171,472
139,536
110,596
62,711
31,792
22,823
20,829
26,820
60,756
87,704
115,645
149,583
183,515
223,444
263,376
301,308
371,189
399,146
423,112
446,80
451,72
452,72
452,73
448,82
438,100
419,130
398,167
371,214
339,265
307,321
271,381
235,448
203,516
138,645
84,756
66,800
53,831
46,840
41,840
39,840
43,836
52,823
98,752
160,646
237,520
278,453
319,388
363,324
403,264
444,207
480,155
514,112
545,74
569,45
587,24
597,14
606,5
608,4
608,5
605,12
595,30
575,59
550,97
523,144
490,198
453,258
415,323
374,392
334,460
296,535
258,609
221,684
189,754
164,817
144,840
132,840
127,840
124,840
123,840
128,834
139,814
194,716
267,584
359,424
458,264
557,107
607,37
653,-23
695,-23
730,-23
756,-23
772,-23
780,-23
784,-23
787,-23
788,-20
783,-9
767,20
718,109
644,240
603,315
556,396
512,478
467,565
423,648
383,728
343,808
311,840
285,840
266,840
252,840
246,840
243,840
244,838
251,824
271,788
294,737
364,597
405,518
453,430
555,254
665,80
772,-23
866,-23
931,-23
950,-23
964,-23
966,-23
967,-23
967,-20
959,-4
943,28
915,75
880,131
839,191
752,339
657,504
609,588
526,752
487,829
455,840
413,840
398,840
396,840
411,820
467,726
504,661
548,584
599,500
653,412
710,322
770,230
830,141
954,-23
1009,-23
1058,-23
1125,-23
1151,-23
1156,-23
1157,-23
1158,-23
1157,-16
1149,2
1131,36
1106,79
1035,191
995,255
951,328
859,479
775,632
699,778
667,840
641,840
621,840
609,840
603,840
600,840
599,840
600,840
606,834
623,812
650,767
729,636
830,463
887,366
947,265
1008,164
1133,-23
1234,-23
1299,-23
1321,-23
1325,-23
1323,-19
1297,27
1271,72
1238,125
1199,185
1155,250
1112,317
1064,392
1020,465
935,616
860,758
807,840
779,840
776,840
775,840
778,837
793,818
821,777
860,715
955,558
1011,468
1071,373
1134,282
1196,194
1311,42
1398,-23
1427,-23
1446,-23
1455,-23
1460,-23
1463,-23
1463,-20
1463,-12
1456,10
1439,48
1412,97
1382,159
1342,229
1299,308
1208,484
1115,668
1070,757
1029,840
994,840
961,840
938,840
919,840
906,840
898,840
899,840
902,839
940,785
1014,650
1060,563
1115,466
1172,365
1295,155
1359,56
1419,-23
1525,-23
1535,-23
1535,-21
1530,-11
1519,12
1497,50
1467,100
1429,164
1387,235
1341,310
1297,391
1248,475
1159,644
1088,799
1037,840
1022,840
1010,840
1006,840
1005,840
1008,837
1019,824
1069,744
1139,630
1226,490
1317,352
1358,288
1397,233
1431,185
1458,151
1476,126
1488,111
1493,105
1497,101
1495,107
1463,153
1434,196
1403,244
1334,354
1297,412
1224,534
1191,590
1164,637
1131,698
1122,717
1121,720
1127,708
1161,649
1183,607
1211,564
1239,516
1272,465
1303,416
1363,323
1415,243
1450,195
1463,177
1466,173
1466,172
1466,172
1461,178
1448,196
1425,228
1361,317
1327,371
1290,427
1219,545
1136,691
1122,718
1115,732
1110,741
1108,744
1108,747
1108,746
1111,741
1120,726
1163,657
1187,616
1215,571
1276,479
1304,436
1332,396
1352,364
1371,340
1380,324
1386,317
1388,314
1391,311
1389,314
1363,349
1316,418
1259,507
1200,600
1174,644
1152,687
1132,721
1118,746
1111,763
1104,776
1103,778
1104,777
1111,771
1148,725
1201,649
1267,560
1301,512
1335,469
1363,430
1390,395
1410,368
1424,350
1434,339
1441,330
1442,329
1438,336
1403,384
1377,424
1347,468
1313,520
1278,573
1243,631
1206,692
1173,747
1142,800
1117,840
1096,840
1083,840
1070,840
1068,840
1075,828
1087,799
1107,759
1128,715
1155,661
1187,600
1255,473
1326,345
1391,234
1451,127
1464,106
1466,103
1467,100
1468,100
1465,100
1459,108
1444,125
1421,154
1359,231
1285,331
1207,443
1134,556
1102,607
1075,656
1050,695
1035,720
1025,737
1020,744
1018,749
1017,749
1017,748
1019,740
1027,716
1068,620
1125,486
1199,328
1239,245
1279,164
1322,84
1358,11
1390,-23
1439,-23
1461,-23
1463,-23
1465,-23
1464,-22
1442,-6
1413,20
1376,59
1331,107
1285,162
1233,225
1127,362
1074,432
976,568
935,630
894,688
863,736
839,776
816,816
811,824
813,818
823,797
870,696
904,624
943,544
987,459
1036,367
1140,179
1237,3
1320,-23
1363,-23
1377,-23
1379,-23
1376,-21
1342,16
1263,111
1163,239
1051,388
938,546
828,710
778,788
697,840
666,840
645,840
625,840
623,840
626,824
659,737
720,593
763,504
806,405
855,303
905,198
956,92
1007,-7
1058,-23
1104,-23
1142,-23
1188,-23
1205,-23
1207,-23
1206,-23
1199,-18
1182,0
1107,82
999,204
874,357
735,528
599,708
474,840
371,840
331,840
301,840
283,840
271,840
281,808
303,752
387,566
506,316
630,72
691,-23
748,-23
805,-23
859,-23
983,-23
1004,-23
1012,-23
1017,-23
1008,-12
948,65
850,201
787,288
719,383
652,482
579,588
508,697
439,809
371,840
253,840
162,840
111,840
98,840
95,840
103,806
121,748
146,673
179,587
219,489
367,163
479,-23
590,-23
682,-23
730,-23
739,-23
738,-18
699,38
608,176
481,374
286,680
155,840
41,840
0,840
2,824
49,681
89,568
133,450
183,324
283,88
429,-23
480,-23
569,-23
626,-23
647,-23
648,-23
644,-21
601,29
515,146
399,306
274,493
152,689
44,840
0,840
3,827
55,694
139,500
227,312
325,116
375,24
468,-23
503,-23
531,-23
557,-23
560,-23
550,-2
493,91
407,234
301,404
248,494
194,580
143,668
52,819
0,840
0,837
6,820
22,776
79,645
118,558
163,462
269,260
425,-22
503,-23
531,-23
554,-23
556,-23
557,-23
555,-21
525,27
455,132
355,277
248,432
147,584
61,711
28,759
7,789
0,807
0,815
16,762
65,644
144,477
239,288
336,104
417,-23
440,-23
457,-23
466,-23
470,-23
467,-20
431,32
356,141
258,280
152,436
103,512
55,581
15,642
0,696
0,732
0,767
0,775
0,774
11,740
55,637
90,569
127,495
168,416
212,336
251,262
321,129
358,63
370,37
371,36
370,39
361,53
341,86
310,129
273,185
226,255
123,405
19,560
0,688
0,771
0,800
0,804
0,797
6,778
25,738
55,680
131,533
226,358
319,196
418,30
443,-11
448,-20
448,-19
423,23
364,118
276,248
183,389
99,516
47,595
33,612
23,626
23,620
51,561
111,444
191,294
231,217
315,63
378,-23
393,-23
403,-23
409,-23
410,-23
409,-19
379,24
315,119
227,246
178,317
131,384
85,453
48,512
0,602
0,637
0,647
2,639
31,580
56,527
87,464
126,394
167,320
206,244
278,114
330,20
351,-23
357,-23
359,-23
359,-21
357,-13
347,4
326,41
299,84
267,136
228,194
148,319
70,444
8,544
0,602
0,616
0,620
1,610
31,538
92,412
167,259
207,184
323,-23
355,-23
360,-23
364,-23
365,-23
365,-21
344,14
279,112
186,258
74,430
0,602
0,673
0,727
0,766
0,788
0,799
0,804
0,800
16,748
61,640
124,494
157,420
191,348
219,278
266,172
285,121
291,108
291,103
286,110
255,155
196,240
119,344
45,446
0,514
0,540
0,548
1,524
13,494
47,400
96,281
121,220
191,48
215,-17
225,-23
227,-23
227,-23
214,-9
171,48
111,139
46,240
0,325
0,372
0,380
0,385
0,387
0,372
7,317
31,224
53,172
131,-23
143,-23
145,-23
147,-23
146,-23
137,-12
101,46
63,111
2,208
0,247
0,277
0,296
0,305
0,310
0,312
0,310
0,300
0,248
19,156
56,53
97,-23
122,-23
131,-23
135,-23
138,-23
130,-1
103,55
87,96
70,140
51,184
18,268
0,349
0,364
0,366
3,347
32,272
54,224
84,174
159,42
183,1
191,-15
197,-19
198,-15
190,16
176,49
157,89
82,257
43,340
20,378
11,390
7,392
7,389
8,379
16,356
58,278
112,182
163,100
191,55
202,40
207,32
209,35
209,43
194,92
149,186
90,300
35,412
0,492
0,524
0,531
0,533
0,524
21,459
74,351
137,231
191,131
222,76
227,65
233,60
235,59
239,59
239,81
215,151
167,259
106,386
50,505
12,575
5,590
0,600
0,601
7,573
55,478
155,292
189,234
220,183
267,112
288,88
295,84
299,96
287,151
240,256
207,327
129,484
57,623
11,716
0,746
0,752
4,740
43,653
113,515
195,363
308,168
351,97
366,80
371,76
373,94
350,157
292,280
251,357
164,530
87,690
33,804
12,840
9,840
15,834
57,769
135,638
231,473
333,314
456,126
503,67
523,53
528,58
525,91
485,177
415,316
332,474
292,551
223,677
187,741
175,756
175,758
186,730
280,553
324,472
371,391
459,234
535,112
577,47
591,29
595,36
584,79
541,176
471,308
397,449
338,562
305,620
297,633
295,635
299,628
335,560
407,436
498,286
585,144
647,47
678,7
688,0
675,54
592,224
510,373
394,587
348,672
333,702
331,705
336,688
383,592
506,359
596,200
671,78
711,20
723,6
727,8
721,36
683,119
617,244
536,394
452,550
379,693
322,816
315,829
318,826
355,759
430,622
533,440
588,346
701,161
809,1
881,-23
914,-23
920,-23
914,1
874,76
799,196
711,348
564,599
476,760
407,840
372,840
364,840
386,796
450,670
547,488
667,286
795,78
919,-23
1012,-23
1059,-23
1067,-23
1073,-18
1054,32
997,140
914,280
810,440
702,605
599,768
513,840
479,840
445,840
436,840
436,838
463,790
576,588
683,406
851,127
948,-21
1016,-23
1042,-23
1050,-23
1049,-12
1041,8
1001,86
933,198
807,400
721,546
606,749
555,840
535,840
531,840
538,829
583,746
710,513
819,327
931,144
1026,-3
1087,-23
1111,-23
1118,-19
1108,15
1062,102
953,290
868,426
790,555
723,664
675,748
669,756
682,723
709,674
783,533
876,360
977,184
1071,32
1163,-23
1171,-23
1171,-11
1161,14
1112,112
1040,244
916,464
837,601
774,719
728,802
707,840
707,840
727,802
789,680
933,417
987,325
1038,235
1175,18
1222,-23
1233,-23
1234,-23
1229,-1
1188,89
1072,301
982,464
891,618
818,753
751,840
738,840
737,840
751,812
872,578
970,398
1139,96
1195,4
1362,-23
1379,-23
1383,-21
1364,20
1264,196
1167,361
1069,528
912,800
868,840
851,840
848,840
854,832
897,766
973,648
1016,576
1112,428
1199,295
1283,167
1303,144
1307,143
1303,168
1270,244
1175,432
1094,584
1014,739
977,814
911,840
875,840
865,840
875,817
971,634
1125,352
1239,152
1295,56
1352,-23
1399,-23
1467,-23
1497,-23
1499,-13
1473,44
1379,217
1295,360
1215,502
1142,630
1069,760
1053,790
1049,796
1061,775
1152,622
1241,482
1336,336
1417,224
1476,155
1484,151
1484,164
1430,278
1326,460
1247,587
1178,692
1133,756
1118,776
1115,780
1135,722
1190,616
1309,410
1384,285
1434,205
1456,175
1459,176
1445,220
1405,303
1347,418
1280,542
1189,720
1133,824
1123,840
1122,840
1159,781
1219,680
1286,571
1364,446
1386,415
1392,407
1393,406
1387,420
1323,507
1260,588
1178,680
1150,704
1144,708
1135,688
1160,609
1213,480
1250,401
1333,231
1414,73
1495,-23
1507,-23
1508,-22
1456,73
1371,209
1207,473
1041,742
943,840
857,840
843,840
855,784
906,656
984,476
1128,176
1266,-23
1325,-23
1349,-23
1352,-23
1338,6
1279,99
1238,159
1145,297
1003,512
923,636
862,724
827,775
824,778
827,759
901,580
989,394
1138,112
1225,-23
1285,-23
1290,-23
1275,10
1209,124
1059,375
950,557
847,733
803,808
740,840
713,840
710,836
731,780
757,725
827,580
961,322
1048,162
1090,95
1143,1
1165,-23
1166,-19
1126,67
1011,260
915,416
773,661
659,840
623,840
613,840
625,808
696,652
842,349
993,56
1120,-23
1160,-23
1167,-23
1168,-21
1155,12
1056,189
959,348
791,632
679,824
550,840
503,840
502,840
575,652
673,428
789,178
843,64
939,-23
1067,-23
1104,-23
1110,-19
1087,36
968,238
795,536
671,753
508,840
440,840
412,840
417,820
523,572
651,276
749,72
886,-23
943,-23
947,-20
899,95
744,388
636,589
477,840
383,840
363,840
379,804
510,544
610,348
776,56
931,-23
1005,-23
1010,-23
979,38
869,206
769,363
607,624
462,840
378,840
359,840
364,819
462,571
549,360
675,67
763,-23
875,-23
912,-23
924,-23
903,56
803,264
711,448
571,736
455,840
411,840
393,840
393,835
467,668
554,468
679,176
725,78
813,-23
910,-23
931,-23
935,-8
859,172
687,522
509,840
416,840
322,840
295,840
306,819
419,562
522,332
667,22
818,-23
936,-23
975,-23
983,-9
920,122
840,272
626,669
466,840
388,840
335,840
333,835
402,662
495,432
644,100
803,-23
955,-23
1043,-23
1061,-23
1036,64
931,275
836,455
785,552
679,754
531,840
442,840
420,840
418,839
468,735
581,490
675,284
832,-23
975,-23
1030,-23
1056,-23
1053,3
982,164
899,317
760,591
621,840
515,840
478,840
468,840
504,778
613,559
711,363
873,52
1028,-23
1131,-23
1159,-23
1167,-14
1126,99
1020,316
935,491
792,772
669,840
585,840
568,840
571,835
637,710
718,546
863,247
1023,-23
1162,-23
1230,-23
1269,-23
1275,-23
1275,-21
1252,54
1158,245
1030,499
895,774
777,840
703,840
685,840
704,805
825,535
960,255
1113,-23
1221,-23
1362,-23
1447,-23
1456,-19
1431,68
1403,130
1280,388
1123,704
964,840
850,840
807,840
807,833
876,687
1067,312
1231,-2
1399,-23
1535,-23
1535,-10
1441,180
1311,419
1117,793
980,840
883,840
847,840
847,840
946,660
1037,489
1195,194
1366,-23
1520,-23
1535,-23
1535,-17
1460,144
1287,456
1090,839
1040,840
955,840
864,840
838,840
867,791
931,665
1074,388
1244,64
1415,-23
1535,-23
1535,-13
1495,88
1372,308
1211,596
1047,840
878,840
830,840
828,837
895,699
933,618
1087,319
1267,-9
1443,-23
1489,-23
1535,-23
1521,30
1432,200
1295,451
1135,732
992,840
875,840
864,840
895,768
998,549
1133,269
1273,4
1371,-23
1399,-23
1404,-23
1371,25
1251,190
1091,412
939,627
843,760
822,784
823,755
842,709
898,582
1016,328
1145,64
1186,-15
1279,-23
1303,-23
1309,-23
1283,18
1165,193
999,439
833,700
702,840
641,840
635,838
703,670
820,419
955,137
1090,-23
1183,-23
1212,-23
1214,-22
1183,19
1049,211
863,479
613,840
471,840
407,840
399,840
461,708
535,561
663,307
793,53
889,-23
923,-23
926,-23
893,42
773,237
620,493
463,757
335,840
305,840
265,840
266,831
328,681
440,437
563,184
671,-23
727,-23
735,-23
720,10
579,250
436,501
295,748
179,840
165,840
194,764
291,536
419,248
558,-23
659,-23
703,-23
695,-1
607,154
473,390
327,636
170,840
128,840
118,840
115,838
167,715
289,453
439,148
583,-23
671,-23
687,-20
645,82
531,294
342,624
211,840
126,840
107,839
140,751
243,524
282,435
455,72
561,-23
599,-23
602,-21
571,51
477,224
331,489
243,657
198,754
197,757
235,686
326,509
363,440
442,300
584,61
636,-13
640,-8
572,148
458,366
293,669
183,840
167,840
174,822
319,520
440,281
585,23
634,-23
636,-16
566,135
411,423
256,730
183,840
175,826
245,680
401,362
574,48
663,-23
690,-23
667,36
530,286
363,600
232,840
201,840
215,812
303,628
431,385
604,83
704,-23
715,-22
669,94
556,312
420,579
266,840
222,840
222,836
277,720
431,412
566,165
707,-23
744,-23
742,1
644,215
514,473
379,744
276,840
242,840
327,674
509,330
663,49
805,-23
885,-23
903,-23
889,26
717,359
579,616
463,840
403,840
399,840
444,765
477,707
608,470
812,118
967,-23
995,-23
943,104
823,326
638,658
515,840
499,839
550,744
712,444
903,108
1008,-23
1026,-23
1040,-21
1007,57
858,320
691,620
587,830
577,840
571,840
572,837
635,727
804,425
953,168
1099,-23
1125,-23
1123,0
1042,162
905,410
852,504
706,778
589,840
544,840
543,833
653,617
853,245
1015,-23
1141,-23
1163,-23
1182,-23
1170,37
1146,92
1021,324
815,708
634,840
612,840
691,704
897,348
1145,-23
1312,-23
1339,-19
1259,145
1112,399
1055,493
850,840
731,840
811,704
1064,272
1311,-23
1366,-23
1369,-6
1274,188
1051,592
903,840
862,840
940,712
1148,359
1383,-5
1515,-23
1527,-23
1531,4
1423,233
1239,560
1195,640
1051,840
1011,840
1077,723
1315,299
1505,-16
1535,-23
1515,34
1311,398
1121,728
1029,840
1007,840
1062,737
1222,447
1355,221
1481,19
1489,11
1417,150
1241,452
1052,768
1021,819
1065,721
1265,332
1430,33
1459,-16
1497,-23
1478,7
1259,323
1039,651
891,840
887,831
1027,538
1207,177
1359,-23
1372,-23
1252,149
1028,483
841,788
780,840
831,742
992,447
1222,40
1297,-23
1289,-3
1076,300
890,564
701,840
651,840
675,766
815,472
1000,107
1155,-23
1168,-23
1048,155
815,488
759,569
607,806
578,840
631,717
837,314
991,29
1043,-23
1004,47
757,430
564,758
458,840
463,818
635,488
821,149
936,-23
915,29
698,373
503,692
379,840
380,820
488,587
655,273
793,21
803,5
719,146
529,443
385,677
341,748
245,840
247,810
457,339
648,-23
740,-23
735,0
600,225
406,549
243,828
190,840
188,825
295,600
462,295
576,104
639,10
641,12
552,165
380,465
203,783
123,840
109,834
116,812
230,544
363,275
535,-23
619,-23
625,-19
550,134
422,355
373,440
236,687
95,840
88,837
191,587
400,156
526,-23
547,-21
479,116
278,464
143,700
103,768
183,582
381,192
504,-23
528,-23
460,112
244,495
48,840
0,840
87,616
260,239
467,-23
511,-23
479,52
372,254
189,586
3,840
0,840
15,806
142,532
326,169
472,-23
503,-23
463,73
301,364
97,714
0,840
33,760
141,517
382,5
527,-23
554,-19
474,152
254,553
67,840
33,840
113,638
279,266
496,-23
544,-23
492,112
247,589
104,840
57,840
180,569
394,147
519,-23
512,23
358,323
207,600
99,807
106,789
268,459
436,161
531,24
479,154
288,512
118,828
90,840
132,742
277,425
449,92
536,-23
539,4
428,241
259,562
123,820
91,840
136,743
272,456
470,90
532,-4
531,21
385,323
180,722
87,840
83,835
178,637
340,307
522,6
550,-23
525,70
400,344
211,740
147,840
158,812
355,399
515,106
599,-19
603,12
516,224
375,538
250,807
243,817
323,634
467,336
610,77
631,54
590,182
417,554
322,760
315,771
325,752
439,520
664,99
725,9
651,201
452,598
415,672
331,836
388,707
578,331
759,36
767,46
630,330
405,790
358,840
444,663
687,208
799,32
765,129
588,478
450,756
459,729
627,401
835,26
916,-23
859,96
643,485
446,840
417,837
585,487
795,119
863,18
839,99
811,150
628,484
517,689
569,576
798,180
985,-23
972,57
767,409
550,780
495,840
553,716
736,390
953,37
1004,-23
1107,-23
1086,55
926,344
667,802
562,840
587,769
746,468
1001,40
1119,-23
1107,19
967,263
741,648
660,781
719,677
1007,224
1194,-12
1139,136
859,632
715,840
751,757
975,365
1237,-23
1262,-23
1088,287
871,656
796,781
824,728
983,444
1241,48
1323,-23
1286,71
1061,438
867,768
794,840
831,769
1042,398
1273,49
1330,-20
1264,132
1051,511
907,796
918,782
1089,515
1402,74
1472,-9
1447,52
1258,376
1087,676
1008,839
1004,840
1023,812
1219,485
1421,176
1535,-11
1527,18
1400,255
1188,661
1106,810
1271,530
1535,106
1535,68
1440,254
1248,616
1167,784
1260,659
1488,320
1535,216
1482,324
1316,624
1235,777
1233,782
1262,728
1443,403
1535,216
1522,216
1221,558
1018,797
987,820
1079,620
1116,544
1323,149
1427,-23
1383,18
1096,373
851,708
842,710
1063,279
1257,-23
1296,-23
1187,123
891,542
773,724
827,626
1048,241
1125,115
1067,184
840,485
637,792
603,840
707,641
919,240
1038,23
936,156
637,598
502,820
529,765
766,328
927,48
936,30
769,258
565,552
432,760
435,742
594,415
747,114
771,65
802,4
675,154
351,579
239,732
342,447
512,64
544,-12
331,265
0,779
2,814
200,367
395,12
422,-23
369,71
170,383
0,664
0,720
82,526
246,169
300,52
221,186
0,538
0,668
135,353
312,-18
329,-20
171,232
0,547
27,496
205,120
275,-8
219,104
24,442
7,460
159,140
203,56
160,148
24,381
9,396
67,256
92,203
182,24
203,-12
163,79
27,322
0,399
11,366
117,144
156,59
160,53
99,179
27,305
21,307
77,187
128,83
131,76
57,186
0,320
0,350
41,229
90,120
95,118
31,240
0,309
17,268
86,123
119,59
116,69
1,268
0,461
87,317
209,132
227,156
139,396
99,497
200,338
235,282
231,308
161,444
123,518
133,499
273,304
386,153
393,148
333,248
183,519
36,828
15,837
124,613
318,232
426,44
416,91
267,397
40,840
36,789
321,228
543,-23
561,3
355,399
153,824
160,789
395,328
595,-21
611,-7
497,248
304,624
200,839
259,710
457,288
631,-23
658,-23
586,135
313,657
219,840
429,406
666,-23
675,-4
499,345
267,791
233,837
475,348
734,-23
759,12
570,363
339,797
337,809
580,344
722,117
683,234
439,726
409,785
375,808
587,370
825,-23
827,18
583,438
394,776
417,725
672,217
771,32
742,121
555,494
437,736
539,548
819,48
884,-22
763,220
475,744
418,824
710,274
1049,-23
1067,10
778,537
453,840
479,742
823,129
1034,-23
998,80
695,624
524,840
646,620
996,-13
1115,-23
975,246
707,734
669,805
677,789
877,412
1099,38
1085,104
905,446
714,819
664,840
751,664
987,209
1213,-23
1228,-7
1077,291
838,729
708,840
816,650
1056,228
1201,8
1208,20
1057,310
1013,389
821,750
785,821
925,573
1211,100
1238,64
1082,352
891,691
837,788
974,528
1134,242
1166,192
1096,342
911,682
812,840
841,789
1039,448
1146,274
1154,268
1060,456
1025,522
883,791
825,840
923,672
1150,288
1223,175
1207,204
1003,533
835,840
859,795
1031,495
1220,185
1239,159
1188,245
962,633
910,734
1092,452
1251,215
1243,240
1032,600
940,770
1095,524
1238,312
1215,358
993,760
920,840
1095,547
1267,269
1271,269
1059,611
966,781
1095,561
1308,199
1285,230
1031,636
994,706
1233,317
1344,144
1244,304
1001,718
983,748
1222,268
1353,-7
1247,114
900,613
824,744
943,495
1193,-23
1228,-23
1099,132
870,434
751,606
871,390
1136,-23
1179,-23
1101,94
862,450
674,747
695,696
867,359
907,282
1066,-23
934,136
506,712
427,818
718,226
884,-23
740,168
442,604
417,645
396,672
580,332
727,68
723,73
546,348
375,646
420,577
660,153
718,52
632,182
446,485
335,685
375,628
575,272
680,92
684,88
514,356
242,802
213,836
339,559
379,478
562,107
616,0
557,92
265,535
123,766
120,771
170,653
326,305
412,114
407,124
218,407
0,792
11,810
191,380
329,77
341,51
176,304
0,706
1,793
141,492
312,132
332,96
238,250
23,620
0,837
83,626
313,140
403,-19
357,84
127,535
0,820
30,747
206,309
311,42
304,35
78,378
34,455
0,671
45,582
219,203
287,59
214,172
5,525
0,716
45,597
223,169
305,-8
276,48
38,492
0,714
15,676
175,292
275,49
268,60
79,428
0,704
16,652
175,213
242,53
48,456
0,769
115,451
256,64
231,109
0,641
0,733
138,346
259,79
214,187
12,589
4,595
134,228
215,26
201,55
27,353
0,508
29,439
239,111
302,68
207,376
45,783
14,835
97,603
283,170
341,55
308,192
135,674
68,840
139,700
349,249
433,85
311,388
152,776
218,637
446,179
554,13
375,388
331,480
147,840
257,598
295,517
580,-23
574,32
317,563
179,840
388,401
595,-12
536,148
313,659
366,556
623,32
635,40
439,462
315,752
352,661
542,249
641,64
547,303
347,799
310,837
475,497
684,73
720,19
607,280
424,695
431,685
649,224
832,-23
808,67
543,616
413,840
656,344
913,-23
821,181
566,680
471,840
571,642
801,188
868,83
723,349
539,703
523,733
677,416
854,76
871,57
776,258
564,704
479,840
585,608
863,30
883,0
769,245
555,721
510,836
686,467
915,12
951,-23
835,220
567,776
559,757
869,107
1062,-23
883,348
606,840
751,556
1051,-9
1077,39
827,550
661,840
911,339
1158,-23
1090,144
773,797
855,635
1128,124
1257,-23
1071,330
750,840
798,704
1071,160
1275,-23
1279,-4
1075,388
1029,477
832,840
898,700
1181,191
1346,-23
1287,101
988,670
882,840
1055,520
1318,57
1379,-23
1379,-21
1231,267
969,773
1087,563
1326,166
1368,121
1171,498
957,840
1056,650
1335,157
1352,137
1151,495
1033,720
1259,346
1296,319
1034,821
1083,723
1284,376
1307,342
1191,551
1045,832
1091,742
1289,385
1299,377
1069,816
1031,839
1187,555
1256,440
1203,552
1067,830
1084,792
1240,516
1261,488
1131,732
1044,840
1150,644
1265,454
1221,536
1076,820
1111,755
1234,531
1253,504
1135,720
1143,712
1227,584
1224,596
1110,840
1175,727
1216,652
1135,820
1087,840
1225,551
1295,412
1172,612
1109,729
1249,524
1341,375
1323,406
1161,712
1169,717
1332,492
1361,457
1307,565
1213,773
1228,761
1247,735
1382,544
1395,524
1412,500
1323,647
1199,840
1230,785
1389,499
1415,447
1358,528
1206,776
1192,807
1313,593
1359,504
1331,536
1231,680
1216,702
1311,542
1380,421
1367,438
1243,624
1227,652
1281,573
1303,534
1273,581
1175,748
1170,756
1308,516
1357,428
1323,481
1218,662
1208,681
1277,589
1409,398
1442,352
1443,351
1442,352

