layer 0

Bezier
0,0,0
6
252,556
350,363
703,748
799,555

Rectangle
255,255,255
0,0,0
0
160,447
758
253

Bezier
0,0,0
6
255,579
384,456
707,724
827,579

Line
0,0,0
6
254,358
251,360
251,360
255,360
256,360
262,360
266,360
270,361
271,361
275,361
278,360
279,360
282,360
283,360
287,360
293,360
296,360
303,360
308,360
309,360
314,360
315,360
318,360
322,360
327,361
332,361
340,361
345,360
349,360
355,361
360,361
364,361
371,361
375,361
376,361
379,361
379,361
383,361
386,361
390,361
391,361
395,360
399,360
402,360
403,360
407,360
410,360
414,360
417,360
418,360
422,360
427,360
430,360
434,360
438,360
442,360
444,360
446,360
448,360
451,360
454,360
457,360
458,360
460,360
461,360
463,360
464,360
468,360
471,360
471,360
474,360
475,360
477,360
478,360
479,360
481,360
482,360
485,360
488,360
492,360
497,360
500,360
501,360
505,360
509,359
513,360
518,360
519,360
522,360
523,360
525,360
527,360
530,359
531,359
534,359
535,359
539,359
539,359
543,359
543,359
547,359
548,359
549,359
554,359
557,359
558,359
562,359
566,359
571,360
575,360
576,360
577,360
581,360
583,360
587,360
588,360
591,360
594,360
595,360
598,360
599,360
602,360
603,360
606,360
607,360
610,360
611,360
615,360
618,360
619,360
621,360
622,360
624,360
625,360
629,360
632,360
634,360
635,360
636,360
637,360
639,360
640,360
643,360
646,360
649,360
652,360
655,360
659,360
661,360
662,360
664,360
665,360
667,360
668,360
669,360
671,360
672,360
675,360
675,360
678,360
679,360
683,360
685,361
686,361
688,361
689,361
691,361
691,361
695,361
695,361
698,361
700,361
703,362
703,362
706,362
707,361
707,361
711,361
713,361
715,361
718,361
719,361
719,361
722,361
723,361
725,360
726,360
729,360
730,360
731,360
732,360
735,360
735,360
737,360
740,360
741,360
743,360
746,360
748,360
749,360
752,360
755,361
759,361
759,361
762,361
765,361
768,360
770,360
773,360
776,360
779,360
779,360
781,360
783,360
784,360
785,360
787,360
790,360
791,360
792,360
793,360
795,360
795,360
798,359
799,359

Line
0,0,0
6
756,274
760,270
765,269
768,269
769,270
771,270
773,270
774,270
775,270

Line
0,0,0
6
758,298
767,296
768,296
770,296
771,296
774,296
775,295
776,295

Line
0,0,0
6
752,267
751,271
751,272
751,275
751,280
751,284
751,289
752,292
752,292
752,295
752,298
752,302
752,304
752,305
752,307
752,308
752,311
753,312
753,313
754,314
754,315
755,316
756,318
758,319
759,320
763,320
765,320
771,320
775,319
778,318
780,317
782,316
783,316
783,316

Line
0,0,0
6
706,270
708,278
708,280
710,284
711,288
711,289
713,292
713,293
714,296
715,298
715,300
716,303
717,305
718,308
719,310
720,312
721,315
722,317
723,319
723,320
723,320
724,321
725,320
726,319
727,318
727,316
727,315
728,312
728,312
729,309
730,304
731,298
732,293
732,289
733,284
734,280
735,276
735,274
735,273
736,272
736,272
737,271
738,269
738,268
739,268

Line
0,0,0
6
663,272
673,267
675,267
679,268
680,268
681,268
683,270
685,272
686,276
686,280
686,281
685,285
682,290
679,292
675,296
675,296
671,299
670,300
669,300
668,300
668,300
671,300
674,300
677,300
680,300
683,299
684,300
685,300
687,301
687,303
689,304
690,307
690,308
691,310
691,311
691,312
692,313
692,314
692,315
694,316
695,319
696,320
698,320
699,319
702,317
703,314
705,311
705,308
706,306

Line
0,0,0
6
663,271
663,280
663,284
664,288
664,292
664,293
664,294
665,296
665,301
665,305
665,306
665,308
665,310
665,312
666,315
666,317
666,319
667,320
667,320

Line
0,0,0
6
621,271
620,276
620,277
620,280
621,284
621,288
622,292
622,295
622,296
622,300
623,303
623,306
623,308
623,308
623,311
624,312
624,315
627,317
627,318
628,320
629,322
631,324
631,324
632,324
633,325
634,325
635,325
636,326
639,325
642,324
645,324
647,322
648,320
648,320
649,317
649,316
651,313
651,309
651,305
651,304
651,301
651,300
651,297
651,296
651,296
651,292
651,292
651,288
651,287
651,283
651,281
651,276
651,276
651,274
651,273
651,272
651,272
651,271
650,271
650,270
650,269
650,268

Line
0,0,0
6
592,268
591,259
590,258
589,257
588,256
585,255
583,254
581,255
579,256
576,257
575,260
572,262
571,265
571,267
569,270
569,271
567,275
567,276
566,280
566,281
565,285
565,287
564,292
564,296
564,298
565,302
566,304
567,308
567,308
570,312
571,312
571,314
574,317
575,318
579,321
583,323
584,324
589,324
595,324
597,324
603,321
607,320
611,317
614,314

Line
0,0,0
6
445,275
452,267
456,265
459,264
463,264
467,264
467,264
471,264
473,266
475,268
476,268
479,271
479,272
481,274
481,275
481,277
481,280
480,284
479,288
476,291
475,292
473,293
470,296
466,299
463,301
459,303
456,304
455,304
455,305
454,306
456,304
461,303
465,301
467,301
469,301
471,301
474,302
476,304
479,307
479,308
480,311
481,313
482,314
482,317
483,320
484,324
485,325
486,326
486,327
487,327
487,327
490,326
492,324
494,322
495,320
495,318
496,316

Line
0,0,0
6
449,272
447,279
447,282
447,288
447,292
447,297
448,304
448,304
448,308
448,313
449,317
449,321
449,324
449,325
449,327
450,328
450,328
450,328

Line
0,0,0
6
406,272
412,268
417,268
418,268
423,268
428,268
430,268
431,268

Line
0,0,0
6
409,300
417,296
421,296
423,295
424,295
425,294
426,293

Line
0,0,0
6
405,270
406,276
406,280
407,284
407,284
407,287
407,289
407,290
407,293
407,295
407,296
407,300
407,301
407,302
407,303
407,304
407,305
407,307
407,308
407,310
407,312
407,315
407,317
407,319
407,321
407,323
407,324
407,325
407,326
407,327
408,327
408,328
410,328
412,328
415,328
419,328
422,328
424,327
425,327
428,326
430,326
431,326
431,326
431,325

Line
0,0,0
6
387,269
388,275
389,278
389,282
390,288
390,292
391,296
391,297
391,302
391,307
392,308
392,312
392,314
392,316
392,318
392,321
393,324
393,325
393,326
393,328
393,328
394,328

Line
0,0,0
6
348,269
346,270
345,270
346,269
350,268
353,268
355,268
356,268
358,268
361,268
363,268
363,268
364,268
365,268
366,269
366,270
365,272
364,274
363,277
362,282
361,283
360,290
359,295
359,296
359,300
358,303
358,304
358,307
357,311
356,314
356,318
355,321
355,322
355,324
354,326
354,327
354,328
353,328
354,329
354,330
355,330
356,331
361,331
365,331
370,331
372,330
375,329
376,329
378,328
379,328

Line
0,0,0
6
348,269

Line
0,0,0
6
305,272
310,267
311,267
315,266
318,265
321,265
324,265
327,265
328,265
330,265
331,265

Line
0,0,0
6
308,298
314,295
314,294
317,294
319,294
321,293
323,293
325,292
326,292
326,292
327,292

Line
0,0,0
6
306,273
306,278
306,280
306,284
306,284
307,288
307,289
307,294
307,298
308,303
309,307
309,308
309,310
309,311
309,313
309,314
309,315
309,316
309,317
309,321
309,323
309,324
310,325
310,326
311,328
311,328
311,329
311,329
311,330
311,331
312,332
313,332
314,332
317,333
320,332
324,331
330,329
333,328
334,328
334,328

Line
0,0,0
6
246,273
249,264
251,263
252,262
257,260
259,260
260,260
263,261
264,262
265,262
267,264
269,267
270,268
271,269
272,270
273,272
274,274
273,276
272,280
271,280
268,285
266,289
263,292
262,292
260,294
259,295
258,296
259,295
262,294
264,292
267,292
272,291
275,290
275,290
277,290
278,291
280,291
281,291
283,291
283,291
286,292
287,292
289,295
290,296
291,298
292,300
292,301
294,304
294,305
295,307
295,308
295,308
295,311
296,313
296,314
295,315
295,319
292,324
288,327
284,330
283,331
275,334
273,335
268,336
264,336
263,336
255,330
255,329
254,328

Line
0,0,0
6
254,264
252,275
252,279
253,282
253,283
254,288
254,288
255,292
255,295
255,296
255,299
255,300
255,303
255,304
255,306
256,307
256,309
256,311
256,315
256,319
256,321
256,323
256,326
256,329
256,331
256,332
256,332
256,333
256,332
257,331

Rectangle
255,255,255
0,0,0
0
135,204
848
125

Line
0,0,0
6
911,237
924,234
930,232
934,232
937,232
939,231
940,231

Line
0,0,0
6
923,235
924,240
924,241
924,245
924,252
924,252
924,257
924,261
924,263
924,266
924,270
924,273
924,275
924,276
925,278
925,279
926,278

Line
0,0,0
6
865,240
871,244
872,245
874,248
875,250
877,254
878,255
881,261
885,268
889,272
890,273
893,277
895,280
897,281
898,282
899,282
899,280
900,278
901,275
901,270
901,268
901,259
902,252
902,251
902,244
902,240
903,239
903,237
903,236
903,236
903,235
903,236

Line
0,0,0
6
865,244
868,251
869,256
870,260
870,264
870,266
870,269
871,270
871,273
871,274
871,276
871,276
871,277
871,278
871,280
872,281

Line
0,0,0
6
838,251
842,244
844,242
845,241
847,241
848,241
850,241
851,241
853,242

Line
0,0,0
6
842,268
849,266
851,266
853,265
854,264
855,264

Line
0,0,0
6
838,246
838,252
838,253
839,260
839,265
839,269
839,273
840,276
840,278
841,278
842,280
842,281
843,283
844,284
844,285
847,286
850,287
853,287
856,286
857,286
860,285
863,283
864,282
866,280
867,277

Line
0,0,0
6
811,248
811,239
811,238
811,237
811,239
811,240
809,248
808,252
807,256
807,256
807,260
807,261
807,264
807,266
807,270
807,273
807,276
807,277
807,278
807,279
807,282
807,283
807,284
807,285
807,286
807,288
807,290
807,291
807,292
807,293
808,294
810,295
811,296
814,296
817,296
823,296
824,296
828,295
829,295
831,294
833,293

Line
0,0,0
6
811,248

Line
0,0,0
6
767,240
778,232
783,231
787,232
787,232
790,234
793,236
795,240
796,244
796,250
795,253
791,256
788,258
783,260
780,260
779,260
777,260
776,260
775,260
774,260
773,260
773,260

Line
0,0,0
6
770,234
770,247
771,252
771,257
771,258
771,262
771,263
771,265
771,267
771,268
771,269
771,270
771,271
771,274
771,277
771,280
771,280
771,283
772,285
772,286
772,288
773,288
774,288
775,289
775,290
775,290

Line
0,0,0
6
708,245
720,242
723,243
726,244
727,246
729,249
731,253
731,257
731,258
732,261
733,264
733,264
734,265
734,265
735,264
735,264
737,261
737,260
739,257
739,256
739,255
740,254
743,250
743,249
747,244
749,242
751,241
752,240
753,240
754,239
754,242
754,246
754,252
754,256
755,257
755,260
755,260
755,265
755,269
755,272
755,276
755,276
756,280
756,282
756,284
757,284
757,286
758,287
758,288
759,288

Line
0,0,0
6
715,236
714,242
714,244
714,248
714,249
714,252
715,257
715,258
715,264
715,264
715,270
715,273
715,274
715,277
715,281
716,284
716,285
716,286
716,287
717,287
718,287

Line
0,0,0
6
695,236
695,242
695,246
695,251
695,256
695,259
695,261
695,262
695,265
695,266
695,270
695,272
695,273
695,275
695,276
695,276
695,277
695,279
695,282
695,284
695,284
695,285
695,286
695,287
695,288
695,289
696,291
696,292
696,292
696,293
698,293
699,294
699,294

Line
0,0,0
6
621,240
629,237
631,236
634,236
636,236
639,236
639,236
641,236
643,236
643,236
644,236

Line
0,0,0
6
617,268
629,266
630,266
631,265
631,265
632,265
633,265
635,264
635,264
635,263

Line
0,0,0
6
621,237
621,243
620,247
620,248
619,251
619,252
619,252
619,254
619,256
619,257
619,259
619,260
619,262
619,264
619,267
619,268
619,270
619,271
619,272
619,272
619,273
619,274
619,275
619,276
620,276
620,278
620,279
620,280
620,282
620,283
620,284
620,286
620,288
620,289
620,290
621,292
621,292
621,293
622,293
624,294
627,294
627,294
630,294
632,293
635,292
640,292
643,291
644,291

Line
0,0,0
6
575,236
578,248
579,253
580,256
581,257
582,260
583,264
583,267
584,268
585,270
586,271
587,273
587,274
587,275
587,276
588,279
590,282
591,285
592,288
593,290
593,291
594,292
595,292
595,293
595,293
595,294
596,294
597,294
598,293
599,290
601,284
602,282
603,276
603,270
604,268
604,266
604,264
605,261
605,260
605,259
606,256
606,255
607,254
607,250
608,249
608,248
610,244
610,241
611,240
611,239
611,238
611,237
611,237

Line
0,0,0
6
536,243
547,235
550,234
551,234
554,235
555,235
555,236
557,237
558,237
559,240
559,243
560,246
560,247
560,249
560,250
559,251
559,255
555,259
553,262
550,265
547,267
546,268
545,268
544,269
543,269
547,268
547,268
551,268
551,268
552,269
553,269
555,269
557,270
559,271
560,272
561,272
562,272
562,273
563,273
563,274
563,275
564,276
564,277
566,278
566,279
567,280
567,281
567,282
567,283
568,284
568,285
569,287
570,288
571,288
571,288
572,289
573,289
574,289
575,289
576,287
577,286
579,284
579,283
579,282
580,280
580,279
581,278
581,276

Line
0,0,0
6
539,236
540,241
541,247
541,252
542,254
541,258
541,260
541,263
540,264
541,266
541,268
541,268
541,271
541,272
541,272
541,274
541,276
541,276
542,278
543,280
543,280
543,283
543,284
543,285
543,286
543,287
543,288
543,288
543,288
543,288

Line
0,0,0
6
499,242
499,252
499,256
499,258
500,265
500,267
501,271
501,274
502,277
502,278
503,280
503,281
503,284
504,287
506,288
507,290
508,290
510,291
511,291
511,291
514,291
515,291
517,291
518,290
520,289
521,289
522,288
523,287
523,285
524,284
525,281
527,276
527,273
527,270
527,265
527,260
527,259
527,256
527,254
527,251
527,250
527,248
526,245
526,244
526,242
526,241
525,239
525,238
524,237
524,236
524,236
523,235

Line
0,0,0
6
476,240
470,232
467,234
464,236
462,237
461,239
458,242
456,246
455,247
454,250
454,252
453,253
452,260
452,264
452,266
453,272
455,276
455,278
456,281
457,282
459,285
460,286
463,288
467,289
469,289
475,289
476,289
479,288
480,288
484,287
485,286
489,284
494,280
495,279

Line
0,0,0
6
376,245
391,236
393,235
394,235
395,235
395,235
396,234
398,234
399,235
402,236
403,236
404,238
405,242
404,248
401,254
398,258
395,261
395,262
393,265
393,266
391,268
391,269
390,271
389,272
388,272
387,272
387,273
387,273
387,273
389,272
390,272
392,272
394,271
395,270
396,270
399,270
401,270
403,270
403,270
404,271
405,272
406,272
407,273
407,275
407,276
408,277
409,280
409,281
410,284
410,285
411,288
411,290
411,291
411,292
412,293
413,296
414,296
415,296
415,296
418,296
421,294
423,292
425,289
426,288
427,286

Line
0,0,0
6
379,236
380,246
380,248
381,256
381,262
382,268
382,270
383,273
383,278
383,283
383,286
383,287
383,288
383,289

Line
0,0,0
6
339,237
343,234
348,233
351,233
352,233
355,233
359,233
361,233
363,232
364,232
365,232
367,232
367,233

Line
0,0,0
6
342,270
351,268
354,267
358,265
361,264
362,264
363,263
363,263

Line
0,0,0
6
341,236
340,248
341,252
341,256
341,258
341,264
341,269
341,272
341,276
341,276
341,278
341,279
341,282
342,284
342,285
342,287
342,288
342,288
343,289
343,290
343,291
343,292
344,292
345,293
346,293
347,293
350,294
353,294
355,294
358,293
359,293
360,292
361,292
363,292
364,292
366,291
367,291
368,290
369,289

Line
0,0,0
6
321,236
321,246
322,253
323,257
323,259
323,265
323,268
323,270
323,272
323,274
323,276
323,276
323,279
323,280
323,281
323,285
323,286
323,287
323,288
323,288
323,289
324,290
324,291

Line
0,0,0
6
277,240
281,235
284,235
286,235
289,235
293,235
295,235
296,235
297,235
298,235
299,235
299,236
298,238
296,241
295,246
295,247
295,248
294,252
294,253
293,256
292,258
290,264
290,265
289,269
288,270
287,274
285,277
285,280
284,280
284,283
283,284
283,287
283,288
283,289
282,290
282,291
282,292
283,292
284,292
285,292
288,292
289,292
293,292
297,292
298,292
299,291
299,291
302,290
304,290
305,289
307,289
309,288

Line
0,0,0
6
231,238
240,235
241,235
244,234
246,234
247,233
247,233
248,233
249,233
250,233
251,233
251,234
251,234
252,234
253,234

Line
0,0,0
6
242,260
246,257
247,257
247,256
248,256
251,256
253,255
254,255

Line
0,0,0
6
235,245
236,253
237,257
237,258
237,262
237,265
237,268
237,272
237,273
237,275
237,276
238,276
238,279
239,282
239,284
239,286
240,288
240,288
241,288
241,289
243,290
245,291
247,291
250,290
252,288
253,288
256,287
259,284
261,283

Line
0,0,0
6
186,245
189,234
190,234
191,232
193,232
195,230
199,230
202,231
203,232
204,232
206,234
207,234
207,236
207,236
209,239
209,241
210,244
210,247
209,249
209,250
208,252
207,252
207,253
207,254
206,255
203,257
202,259
201,259
199,260
198,260
197,261
195,262
195,263
195,263
196,261
199,259
199,259
202,257
203,257
204,257
207,256
210,256
211,256
213,256
214,256
215,257
216,257
218,258
219,259
220,260
221,260
223,261
223,262
224,264
225,264
225,265
226,267
226,268
226,269
227,270
227,272
227,274
226,276
225,279
224,280
223,283
222,284
222,284
220,285
219,286
216,288
215,290
211,292
210,292
206,294
203,294
202,294
198,292
195,289
195,288
193,286

Line
0,0,0
6
189,238
190,248
190,249
191,255
191,256
191,260
191,264
191,268
191,270
191,272
191,276
191,276
191,279
191,280
191,284
191,285
191,288
191,291
191,292
191,292
191,292
192,292

